45.5
13.0
6.5
13.1
13.0
6.5
19.5
6.6
6.5
13.0
13.0
6.6
19.5
13.0
6.5
13.0
6.5
13.0
19.6
6.5
6.5
13.1
13.0
6.5
13.1
13.1
6.6
13.0
19.5
6.5
19.5
13.1
13.1
6.5
19.5
6.6
6.5
32.5
13.1
6.5
26.1
6.6
6.5
13.1
13.1
26.0
6.5
13.0
6.5
6.5
13.0
13.1
13.1
26.0
6.5
19.5
13.1
6.5
19.5
26.2
6.5
19.5
25.9
13.0
19.5
45.7
6.5
6.5
13.0
6.5
26.0
19.5
13.1
6.5
26.0
13.0
6.5
32.5
13.1
13.0
13.0
26.2
6.5
6.5
26.1
13.1
6.5
19.5
26.2
6.5
13.0
19.6
32.5
6.5
13.0
13.1
26.0
6.5
13.0
32.7
13.1
6.5
6.5
13.0
26.0
13.1
13.1
13.0
26.0
19.5
13.1
6.5
32.3
6.5
13.0
13.0
19.5
13.0
6.5
26.2
13.0
26.2
6.5
26.0
13.0
26.0
6.5
26.0
13.0
19.7
13.0
26.0
6.5
26.1
13.1
19.6
13.1
19.5
32.5
13.1
13.0
19.5
26.1
26.2
26.1
13.0
19.5
12.8
26.2
26.1
6.5
13.0
26.0
19.5
13.1
6.5
26.0
19.5
5.9
26.0
13.0
26.0
13.1
19.6
13.1
26.0
13.0
26.0
13.0
19.5
13.0
33.9
6.6
32.5
6.5
32.7
13.0
19.5
13.0
32.5
6.5
19.5
13.1
32.7
6.5
19.6
13.0
19.6
13.0
19.5
19.7
19.5
13.0
26.1
6.5
32.6
6.5
19.7
19.5
6.6
13.0
19.5
26.1
6.5
19.5
40.2
6.6
26.0
6.5
32.5
13.1
19.5
13.0
19.5
19.5
6.0
13.0
26.0
6.5
39.0
6.5
19.5
28.4
13.1
26.0
6.5
13.0
26.0
26.1
6.5
13.1
19.6
26.0
6.5
26.0
19.5
25.9
12.7
19.6
13.0
19.6
19.6
19.6
32.5
6.5
19.5
19.5
41.6
26.2
6.5
26.0
45.5
19.7
26.0
32.5
26.2
19.5
26.0
19.5
19.5
32.6
19.6
19.6
19.5
13.0
26.0
26.0
31.8
26.2
26.1
6.5
32.5
45.8
26.0
32.7
13.1
26.0
32.5
26.0
13.1
13.1
26.0
19.5
32.5
19.7
13.0
19.6
13.0
19.6
26.2
13.0
26.0
26.2
26.0
26.0
6.5
19.6
38.9
19.7
32.4
6.5
32.5
26.2
26.0
19.5
13.0
26.1
18.9
26.0
32.5
26.1
13.0
19.5
39.0
18.5
19.7
13.0
26.0
26.0
26.0
19.7
13.0
26.0
19.5
19.7
19.7
12.9
32.5
38.8
26.2
19.7
6.5
26.0
13.1
32.8
32.7
19.6
6.5
26.1
19.5
32.8
26.0
26.0
19.5
19.5
19.5
25.9
32.8
19.6
19.6
32.5
19.5
13.0
39.0
32.5
19.7
39.0
13.0
26.1
35.3
26.2
19.5
13.0
26.0
19.7
26.0
26.2
19.7
19.5
19.5
32.5
39.2
13.1
13.1
51.9
19.5
32.5
19.5
26.1
26.2
26.0
19.5
39.0
30.2
26.2
19.5
26.0
26.0
25.9
26.2
26.0
26.0
19.5
32.8
26.2
13.0
26.0
19.6
32.7
19.5
26.0
19.5
32.5
32.5
13.0
19.5
32.5
19.5
32.7
13.1
26.0
19.5
32.5
19.5
26.1
19.6
26.0
19.5
26.0
32.5
19.6
43.3
26.0
6.5
19.5
26.0
32.7
19.4
13.1
13.0
31.2
19.5
26.2
32.5
19.5
26.0
26.0
26.0
19.5
13.0
26.2
39.3
32.5
19.5
13.1
26.0
34.3
32.8
26.0
6.5
19.5
32.5
32.8
26.0
13.0
19.5
32.7
32.7
26.0
13.0
19.5
32.5
32.8
26.2
6.5
19.5
26.1
26.2
19.5
32.5
19.5
19.5
32.7
23.8
19.6
19.6
19.5
32.5
19.6
26.0
13.0
13.0
45.6
26.0
19.5
26.0
13.0
26.1
19.7
26.0
26.0
13.0
19.5
32.7
26.2
19.6
13.1
26.0
6.5
32.5
26.0
32.6
19.6
26.1
19.6
26.0
26.0
26.0
19.7
19.5
26.1
6.6
26.0
19.4
25.9
26.1
26.2
26.2
25.3
19.5
25.9
19.6
32.5
19.6
26.0
32.5
6.5
19.5
32.5
26.1
26.2
13.1
32.5
19.6
19.5
26.0
19.5
26.2
19.5
26.0
26.0
19.6
26.0
32.5
19.5
32.5
19.5
32.6
19.6
32.6
19.6
26.0
19.5
6.5
32.5
19.5
26.0
26.0
13.0
19.6
45.6
32.4
19.5
13.1
19.6
26.0
26.2
19.6
13.0
26.0
19.6
26.2
19.7
32.8
19.5
26.0
19.5
32.5
19.6
39.0
26.2
26.0
26.2
26.1
13.1
26.0
13.0
19.6
25.9
32.5
19.5
32.5
19.6
26.2
13.0
32.4
26.0
26.0
19.6
6.5
39.3
23.8
25.9
13.0
35.4
13.1
19.5
26.0
32.6
32.4
19.7
26.0
19.5
26.0
19.5
32.0
19.7
19.5
32.5
13.0
26.1
19.6
32.8
19.4
26.0
19.5
26.0
32.5
13.0
32.5
26.2
19.4
26.0
26.1
26.2
26.0
26.0
25.8
26.0
19.5
19.5
32.6
26.0
19.5
19.5
26.1
19.6
26.0
62.2
19.5
32.7
13.0
19.6
32.7
19.6
32.5
24.2
19.5
32.4
13.1
26.2
6.5
32.5
19.5
26.0
19.5
26.1
26.2
19.5
26.0
19.5
26.0
25.9
26.2
19.6
44.3
19.6
6.6
32.4
19.5
32.6
39.2
19.7
25.9
26.0
19.4
26.2
26.0
26.2
26.0
19.5
32.6
19.5
13.0
19.5
26.0
26.1
37.1
6.6
25.9
32.7
13.0
34.0
13.1
26.0
19.5
32.5
32.7
6.6
32.7
26.2
26.0
26.2
13.1
26.0
19.5
26.0
19.5
26.1
26.0
26.1
19.5
13.0
26.0
35.5
19.7
26.2
19.4
26.0
6.5
26.1
37.4
26.2
26.0
6.5
32.5
13.1
26.2
26.0
26.0
13.0
19.5
26.1
32.7
26.2
6.5
26.1
25.9
19.5
39.0
6.6
19.5
32.5
31.1
26.2
13.1
19.7
26.0
19.5
39.0
6.6
26.0
19.5
19.6
38.3
13.1
32.5
26.0
26.2
26.0
13.1
26.0
19.5
26.0
19.5
25.9
26.1
32.1
26.2
19.5
32.5
30.6
13.0
26.2
25.6
19.7
32.5
19.7
26.1
26.0
26.0
13.0
26.0
32.8
26.2
26.1
24.5
26.2
19.5
26.1
13.1
35.9
19.7
26.0
19.5
32.6
19.6
39.0
19.5
26.0
32.6
19.6
28.4
19.7
32.5
6.5
22.0
19.7
26.0
19.5
26.0
32.5
19.5
32.5
19.7
26.1
19.5
39.0
13.1
26.0
19.5
32.6
26.2
19.5
32.5
26.2
