32.7
32.7
32.7
26.2
25.9
32.7
19.6
26.2
19.6
19.7
32.7
19.7
26.1
26.2
26.2
26.1
19.6
32.8
26.2
26.2
19.6
26.2
19.6
19.6
26.2
32.8
13.1
26.2
19.6
32.7
19.6
19.6
19.6
26.2
26.2
32.7
32.7
26.2
19.6
26.2
19.6
19.6
26.2
19.6
26.2
39.2
13.1
32.7
26.2
26.1
26.2
26.2
26.2
26.2
32.7
39.3
26.2
19.7
26.2
32.8
13.1
26.2
19.6
26.2
26.2
26.2
19.6
19.6
45.8
26.1
32.7
19.6
39.2
26.2
26.2
26.2
32.7
32.7
32.7
19.6
32.7
26.2
19.6
19.6
39.2
26.1
19.7
19.6
39.2
26.2
32.7
19.6
11.8
13.1
32.6
26.2
19.7
39.3
26.2
26.1
30.3
26.1
26.2
26.2
39.2
26.2
19.6
26.2
26.2
32.7
19.6
39.2
26.2
19.6
19.6
32.7
40.2
26.2
65.5
19.6
39.3
45.8
98.1
150.7
261.6
332.9
235.5
274.3
301.1
131.0
39.3
39.2
24.2
32.7
32.7
32.7
39.2
19.6
45.7
19.6
19.6
65.0
18.8
39.3
19.6
32.7
32.7
39.3
26.2
32.7
19.6
19.6
39.3
19.6
52.3
31.2
19.6
19.6
32.8
45.8
39.2
32.3
25.3
32.7
26.1
19.6
39.3
32.7
45.8
32.7
32.7
6.5
39.3
52.4
39.2
52.3
45.6
13.1
26.2
26.2
11.9
39.3
26.2
19.6
32.7
32.7
32.7
32.7
26.2
39.3
19.6
45.8
19.6
26.2
32.7
45.8
32.7
26.1
26.1
32.7
45.8
36.6
26.2
26.2
19.6
26.1
26.2
32.7
26.1
26.2
32.7
26.1
52.2
26.2
39.2
19.6
26.2
39.3
39.1
32.7
32.7
52.1
19.6
26.0
43.2
26.2
26.2
58.9
39.1
32.6
45.8
25.3
45.8
52.3
26.2
32.7
32.7
26.2
32.7
39.3
39.3
26.1
32.7
32.7
52.4
39.2
39.3
58.9
65.4
32.7
39.3
32.7
45.8
26.2
32.7
32.7
65.4
72.0
19.6
19.6
32.7
19.6
6.5
32.7
32.7
13.1
26.2
6.5
26.2
13.1
26.2
19.7
26.2
6.5
26.2
19.6
19.7
26.2
19.6
45.8
32.5
32.6
32.7
26.2
45.8
19.6
32.7
45.9
66.3
32.8
45.9
45.6
39.2
52.3
26.2
39.3
52.2
13.1
45.8
32.7
39.2
32.7
39.3
39.2
19.0
39.2
53.2
39.3
32.7
39.3
31.8
19.6
32.6
32.7
32.7
39.3
32.7
19.6
45.8
42.8
26.1
32.7
26.1
32.7
39.3
39.3
39.2
39.3
26.2
45.7
19.6
45.8
32.8
39.3
45.8
26.1
58.9
32.7
19.6
26.2
58.9
13.1
32.7
13.1
52.3
50.2
39.2
45.8
39.2
32.8
32.5
32.7
13.1
52.3
32.7
32.8
19.7
39.3
52.4
19.7
72.1
32.7
32.8
19.6
32.6
32.7
45.8
13.1
32.7
32.7
26.2
45.9
26.2
26.2
32.7
49.5
13.1
65.4
31.1
26.2
39.3
26.0
39.2
32.7
32.7
26.2
39.2
19.6
72.0
13.1
45.8
19.6
26.2
43.8
13.1
32.7
19.7
59.0
45.9
78.4
97.4
72.0
13.1
45.8
19.6
39.3
26.2
39.3
26.2
45.8
26.1
32.7
26.2
32.7
13.1
45.8
19.6
32.7
39.3
19.7
32.7
32.7
32.7
26.2
32.7
32.7
26.2
39.3
32.8
37.7
36.7
26.2
26.2
45.8
32.7
45.8
39.3
26.2
39.3
26.2
45.8
58.9
26.2
57.5
39.3
26.2
32.7
26.2
32.7
32.7
13.1
32.7
32.7
45.8
32.8
52.1
19.6
39.3
36.3
39.3
32.7
19.6
32.7
26.1
26.2
32.7
39.2
13.1
58.8
39.3
32.7
39.3
26.2
19.7
32.7
45.9
13.1
45.8
13.1
26.1
19.7
44.4
13.1
45.7
13.1
32.6
39.1
32.7
39.2
39.2
19.7
26.2
39.3
32.7
45.8
13.1
32.6
17.9
32.7
45.8
26.2
32.7
26.2
39.3
32.7
52.4
39.2
26.2
39.3
32.7
32.7
26.2
52.4
19.6
45.8
43.2
39.3
32.8
32.8
39.3
32.7
45.7
13.1
25.9
39.0
32.7
39.3
32.7
39.3
26.2
25.8
84.9
39.3
39.2
52.4
39.3
19.7
32.7
39.3
32.8
39.2
32.7
19.6
39.3
19.6
26.2
26.2
39.2
32.8
39.2
19.7
45.8
38.4
13.1
52.3
19.6
36.4
19.7
45.9
32.7
32.7
39.3
32.7
19.6
32.7
39.3
39.3
39.2
32.7
45.8
30.0
26.2
26.2
26.2
45.8
39.3
26.2
39.2
39.3
32.8
26.2
49.4
39.2
32.7
19.6
26.1
26.2
39.3
45.8
32.7
19.6
58.7
37.2
85.1
66.8
13.1
32.7
32.8
32.7
65.4
26.2
19.7
26.2
39.2
32.7
45.8
19.6
26.1
32.9
39.3
32.7
39.3
65.4
32.8
32.7
39.3
39.3
25.9
26.2
19.6
39.3
26.1
45.8
65.4
39.3
91.4
143.9
187.3
85.2
45.7
19.6
32.7
39.3
32.7
39.2
32.7
45.9
26.2
39.3
19.6
52.4
37.7
19.6
32.7
26.2
52.4
32.7
45.8
32.6
37.0
19.6
39.1
13.1
52.2
19.6
32.7
39.3
19.6
32.8
32.7
26.2
32.8
39.3
32.7
52.4
32.8
45.8
65.4
13.1
29.8
32.8
19.6
26.2
32.7
32.7
58.9
26.2
19.6
44.3
26.2
45.8
26.2
26.2
39.2
32.7
26.2
39.3
32.7
45.9
26.0
32.7
39.2
32.7
32.7
26.2
58.9
13.1
50.1
26.1
32.7
39.3
39.3
32.7
39.3
26.2
32.7
45.8
26.2
39.3
19.7
39.2
32.5
32.7
39.3
32.7
13.1
58.9
19.7
26.2
45.8
32.7
39.3
32.7
45.8
39.3
39.2
26.2
39.3
44.4
19.7
56.9
26.2
45.8
26.2
39.3
45.8
26.2
39.2
52.3
58.4
111.1
85.2
19.7
32.8
32.8
39.3
26.2
26.2
45.8
26.2
39.3
32.7
13.1
52.3
39.3
32.7
19.6
26.2
32.7
26.2
39.3
32.7
39.3
26.2
39.3
32.7
26.0
32.7
39.3
13.1
58.8
26.2
39.2
24.0
39.3
26.2
32.7
45.9
32.7
32.7
32.7
35.5
26.2
52.4
26.2
32.5
13.1
39.2
19.6
39.3
36.3
26.2
13.1
26.2
32.7
32.7
19.6
32.6
32.7
13.1
52.3
26.2
45.8
19.6
38.9
32.7
26.2
45.9
32.7
32.7
26.2
39.3
32.7
32.7
26.2
39.2
19.4
52.4
19.6
26.2
39.3
26.2
39.3
32.7
32.7
18.9
39.3
13.1
52.4
36.8
32.7
39.3
26.2
32.7
26.1
58.8
26.2
45.8
13.1
45.8
19.6
26.2
32.7
32.7
26.2
32.7
45.8
19.6
52.0
19.7
32.8
52.4
26.2
39.3
19.6
39.2
19.6
32.7
39.3
26.2
32.7
26.2
39.2
32.7
39.2
13.1
51.9
13.1
45.8
32.7
32.7
39.3
13.1
38.7
39.3
39.2
32.7
39.1
19.6
52.2
45.8
65.0
19.6
32.6
6.5
58.9
29.5
39.3
39.3
19.6
32.7
19.6
32.7
19.6
45.8
45.8
32.7
32.7
39.3
45.8
32.4
39.2
58.8
19.6
6.5
52.2
19.6
32.7
39.3
39.3
32.7
39.3
