6.5
13.0
13.1
13.0
13.1
13.1
13.0
13.0
13.1
26.2
13.1
19.5
6.6
26.2
6.5
26.2
13.1
19.7
19.6
13.1
13.1
13.1
6.6
26.2
19.6
19.5
19.6
19.6
13.1
26.2
13.1
6.5
19.6
19.6
13.1
19.6
6.5
19.6
6.5
26.2
6.5
19.7
13.1
13.0
13.1
13.1
19.6
32.8
13.1
19.7
19.6
13.1
19.6
13.1
19.6
13.1
26.2
13.1
19.6
13.1
26.2
19.7
13.1
13.1
19.6
13.1
26.1
13.1
19.6
13.1
13.1
13.1
12.5
6.5
39.2
6.5
19.7
13.1
39.3
13.1
19.4
13.1
19.6
19.6
19.6
13.1
13.1
6.5
32.7
6.5
26.1
6.6
39.3
13.1
26.2
6.5
19.6
13.0
32.7
13.1
26.2
6.5
26.2
13.1
19.6
19.6
13.1
26.2
19.6
13.1
19.6
32.7
19.6
13.1
19.6
19.6
26.2
13.1
26.2
6.6
26.2
6.5
32.6
13.1
19.6
6.5
32.7
6.6
26.2
6.5
39.2
6.5
26.2
13.1
26.2
13.1
32.7
6.5
19.6
6.5
32.7
6.6
26.2
13.1
26.2
13.1
32.7
13.1
39.3
6.5
26.2
6.6
39.3
13.1
26.2
13.1
32.8
13.1
26.2
6.5
13.1
26.1
13.1
13.1
32.7
13.1
26.2
19.7
26.2
13.1
19.6
26.2
13.1
26.2
19.7
13.1
26.2
13.1
39.2
13.1
32.8
13.1
13.1
32.7
13.1
32.7
19.6
26.2
13.1
26.2
29.9
13.1
25.3
19.6
13.1
32.7
19.6
39.3
6.5
32.7
32.7
13.1
26.2
13.0
32.7
6.5
26.2
6.6
13.1
6.5
31.2
6.5
26.2
6.6
39.2
6.6
37.8
13.1
19.6
13.1
32.7
6.6
31.8
6.6
26.2
13.1
39.3
6.6
39.3
6.6
39.3
6.5
32.6
13.1
24.8
6.6
26.2
6.5
39.3
6.6
32.8
13.1
26.2
19.6
13.1
32.7
19.6
19.6
26.2
19.7
26.2
13.1
26.2
19.6
32.8
13.1
32.7
13.1
39.2
19.6
13.1
39.2
45.8
65.5
91.6
13.1
32.7
6.5
19.6
26.2
13.1
32.8
19.6
26.2
6.5
19.6
13.1
19.6
26.1
19.6
13.1
32.7
12.9
39.2
13.1
26.2
19.6
19.6
19.6
32.7
26.2
24.5
19.7
32.8
32.7
18.2
32.7
13.1
19.6
26.2
26.2
19.6
19.6
32.8
19.6
13.1
19.6
26.2
26.2
26.2
26.2
13.1
13.1
13.1
32.7
6.6
39.3
6.5
32.7
6.6
26.2
26.2
26.2
26.2
13.1
25.9
32.7
19.6
30.0
19.6
19.7
32.8
32.8
19.6
32.8
26.2
19.7
19.6
26.1
26.2
32.7
32.7
13.1
19.6
19.6
19.7
6.6
39.3
6.5
39.3
6.5
39.3
13.1
32.7
26.1
32.7
13.1
32.7
26.2
13.0
26.1
13.1
45.9
6.5
32.7
13.1
38.9
13.1
26.2
26.2
26.2
26.2
19.6
19.7
19.6
19.6
32.7
13.1
32.7
6.5
38.0
6.6
39.3
6.5
39.3
13.1
13.1
32.7
13.1
19.6
39.3
13.1
26.2
26.2
19.6
19.6
13.1
39.3
13.1
26.2
6.5
26.2
6.5
37.9
13.1
32.8
32.7
19.7
19.6
39.3
26.2
26.2
26.2
13.1
32.7
13.1
26.2
13.1
84.9
32.7
23.0
19.6
26.2
26.2
26.2
26.2
19.6
19.6
23.9
26.2
6.5
26.2
6.5
39.2
6.5
32.7
6.5
39.3
19.6
32.7
13.1
32.8
26.2
19.6
13.1
13.1
26.2
13.0
32.7
6.5
39.3
13.1
45.8
13.1
45.8
13.1
43.6
13.1
26.2
26.0
19.6
19.6
26.2
24.8
19.3
26.2
6.6
26.2
13.1
39.3
6.5
32.7
6.5
37.4
6.6
32.7
6.5
32.7
19.6
30.4
13.1
32.7
26.1
26.2
19.7
26.2
19.6
26.2
32.7
19.1
19.6
13.1
32.7
6.6
45.8
13.1
44.8
6.5
39.3
13.1
32.7
6.5
39.3
26.2
32.7
19.7
19.7
26.2
31.1
32.7
13.1
26.2
6.5
51.1
13.1
32.7
6.5
32.7
13.1
39.2
6.6
45.8
6.5
45.8
13.1
32.6
6.6
26.2
26.2
26.2
26.1
13.1
19.7
32.8
26.2
13.1
26.2
13.1
32.8
13.1
19.6
13.1
19.6
13.1
32.7
19.6
32.7
13.1
45.8
19.6
19.6
32.8
19.7
32.7
26.2
19.6
26.2
26.2
32.7
19.6
39.2
13.1
26.2
6.5
25.8
6.5
32.7
13.1
32.8
13.1
6.6
45.8
6.5
39.3
26.2
32.8
19.6
26.2
13.1
19.6
26.2
32.7
13.1
39.3
26.2
6.6
45.8
6.5
26.2
13.1
45.8
6.5
39.3
6.1
32.7
26.2
13.1
19.6
32.7
26.2
26.2
39.2
19.6
19.6
32.7
32.7
25.5
19.7
13.1
26.2
30.7
19.7
32.7
17.5
39.3
13.1
26.1
26.2
19.6
32.7
19.6
19.6
24.6
26.2
13.1
45.2
13.1
39.3
6.5
26.2
26.2
26.2
19.4
32.7
13.1
32.8
26.1
32.7
32.7
32.8
13.1
32.7
32.7
6.5
39.3
13.1
39.2
6.5
39.3
6.5
32.7
26.2
26.2
13.1
13.1
19.6
19.7
39.2
6.6
32.7
6.5
45.3
6.5
90.1
26.2
6.6
32.7
6.6
45.8
6.6
52.3
6.5
26.2
26.2
39.3
6.5
52.4
13.1
19.6
19.6
19.6
19.6
32.8
19.7
26.2
26.2
13.1
26.2
19.6
19.6
13.1
45.1
6.6
13.1
26.1
32.8
26.2
32.4
26.2
13.1
32.8
26.2
26.2
24.9
13.1
13.1
13.1
19.6
32.7
13.1
45.8
6.5
39.2
6.5
39.2
6.5
39.3
32.7
6.5
32.7
19.6
26.2
26.2
25.8
19.7
19.6
19.6
26.2
32.7
32.7
6.5
45.8
6.5
32.8
26.1
19.7
19.6
26.2
26.2
32.7
26.2
19.6
26.2
26.2
26.2
19.6
39.2
6.6
58.8
6.5
32.7
26.2
13.1
45.8
6.5
45.8
6.5
32.0
13.1
39.3
13.1
32.7
26.2
32.8
6.6
26.2
26.2
26.2
32.6
19.6
19.7
26.2
26.2
39.3
19.6
23.9
19.6
19.6
32.7
6.5
45.3
6.5
45.8
6.5
45.8
6.6
32.7
19.7
26.2
13.1
26.2
32.7
26.2
32.7
26.2
13.1
32.8
19.6
26.2
19.6
31.3
19.6
25.9
26.2
13.0
32.7
13.1
39.2
6.6
45.8
6.5
32.7
19.6
19.7
26.2
13.1
26.2
26.2
26.2
6.6
45.8
6.5
19.6
26.2
32.7
26.2
32.8
19.6
13.1
32.7
13.1
32.7
39.3
13.1
32.7
39.3
59.0
72.1
65.5
78.5
6.2
32.7
6.5
45.8
26.2
26.2
32.7
19.7
19.7
26.2
26.2
6.6
45.8
6.5
38.7
25.6
71.9
13.1
39.3
6.6
26.2
6.5
26.2
26.2
32.7
19.6
19.5
13.1
13.1
19.6
25.3
32.7
6.5
39.2
6.5
39.2
26.2
32.8
26.2
19.7
26.2
19.6
19.7
32.8
26.2
35.4
32.6
19.7
19.6
52.4
6.5
117.8
195.9
209.2
39.3
6.5
55.2
6.5
32.7
26.1
19.6
13.1
26.2
32.7
26.2
26.2
26.2
13.1
26.2
32.7
26.2
19.6
19.6
19.6
44.5
26.2
6.6
45.8
6.5
32.7
13.1
26.2
26.2
32.7
32.8
26.1
26.2
32.7
26.2
13.1
54.2
6.5
39.3
13.1
19.6
13.1
32.7
26.2
39.3
19.6
19.7
26.2
32.7
26.2
13.1
39.3
13.1
19.6
26.2
32.7
65.5
117.9
182.9
