45.8
26.1
26.1
32.7
32.7
32.7
13.1
26.2
32.7
19.6
13.1
39.2
13.1
26.2
13.1
39.3
13.1
38.8
26.2
13.1
19.5
32.7
32.7
13.1
26.1
19.7
26.2
39.3
19.1
26.1
39.3
19.7
32.7
13.1
26.2
19.7
32.8
26.1
26.2
19.6
26.2
32.7
19.6
45.8
19.6
26.2
13.1
26.2
19.6
26.1
26.1
19.6
26.2
30.9
26.2
26.2
26.2
26.2
25.8
13.1
26.2
19.7
39.2
26.2
32.7
19.6
13.1
26.2
26.2
32.7
26.2
26.2
13.1
19.6
26.1
26.2
26.2
26.1
19.6
19.6
39.2
19.6
26.2
26.2
26.1
32.3
19.6
26.2
19.6
19.5
39.3
26.2
13.1
19.6
19.6
52.3
13.1
38.9
13.1
26.0
19.6
39.2
19.7
32.7
19.6
52.2
13.1
32.7
26.2
39.2
19.6
26.2
19.6
32.7
19.6
52.3
13.1
26.2
13.1
32.7
32.7
19.6
26.2
26.2
45.8
19.6
19.6
19.6
26.2
26.2
39.2
6.5
32.7
19.6
32.7
13.1
39.3
19.6
36.8
13.1
39.2
19.6
45.8
19.6
42.6
13.1
26.2
19.6
45.8
19.6
39.3
32.7
19.6
26.2
19.7
45.9
19.6
32.8
19.6
26.2
30.8
26.2
26.2
18.9
13.1
26.1
39.3
32.7
39.3
71.8
32.7
19.6
26.2
45.9
19.6
26.2
19.6
52.2
45.8
111.2
144.0
13.1
26.2
19.6
32.7
26.2
26.2
26.1
26.2
39.3
13.1
39.2
19.6
45.8
26.2
45.8
13.1
39.3
13.1
32.7
19.6
32.7
19.6
26.2
26.2
39.2
26.2
39.3
32.7
19.6
19.6
26.2
19.6
39.2
26.2
32.4
19.6
26.1
37.8
13.1
32.7
32.7
31.3
19.6
13.1
45.7
19.6
32.3
19.6
19.4
26.2
26.2
32.7
32.7
19.6
19.6
19.6
39.3
26.2
45.8
19.6
26.2
26.2
19.6
32.7
26.2
38.6
26.1
19.7
32.8
19.6
39.3
32.7
26.2
13.1
26.1
19.6
45.8
19.6
52.2
19.6
58.9
52.1
85.1
137.6
58.8
13.1
19.6
13.1
19.6
69.9
26.1
26.2
32.7
19.6
19.6
19.6
44.8
19.6
26.2
26.2
39.3
13.1
45.8
19.6
45.7
19.6
39.3
13.1
32.7
26.2
26.2
19.6
45.8
19.6
26.2
19.6
58.8
26.2
26.2
32.7
19.6
52.2
13.1
45.8
13.1
49.7
13.1
32.7
32.7
39.3
26.2
45.7
19.6
13.1
64.9
78.5
104.6
222.7
176.7
130.8
143.3
19.6
26.2
51.1
19.6
52.3
26.2
52.4
19.7
45.8
39.3
32.7
32.7
39.3
26.2
32.4
32.6
19.7
52.3
85.2
52.3
6.5
26.1
39.2
26.2
45.8
39.3
26.2
39.3
19.7
39.3
32.2
39.3
37.9
26.2
43.5
26.2
42.8
39.2
19.6
39.0
19.6
45.8
52.4
19.6
58.9
32.7
65.5
39.3
71.9
26.1
12.6
39.3
32.7
26.2
19.6
32.7
32.6
40.3
26.2
32.7
39.3
45.8
39.3
38.7
39.2
19.6
26.1
13.1
45.7
39.2
12.4
42.2
19.6
19.7
25.9
39.3
69.4
19.7
58.9
13.1
39.3
6.5
39.3
32.7
39.3
26.2
32.8
32.7
39.2
32.8
65.5
26.2
32.7
32.7
32.7
39.3
19.7
39.2
19.6
52.3
19.7
39.3
32.8
45.9
19.7
45.8
26.2
19.7
52.3
19.6
45.8
19.6
51.6
26.2
32.8
32.7
32.8
32.3
19.6
32.7
13.1
45.8
19.7
52.3
13.1
39.3
13.1
39.2
39.3
39.3
32.7
19.6
39.2
13.1
45.7
65.4
117.9
104.5
32.8
13.1
39.1
39.3
32.7
32.8
32.8
26.2
45.8
26.2
19.2
26.2
19.6
32.7
13.1
45.8
19.7
45.8
13.1
38.9
13.1
45.8
26.2
52.4
26.2
45.9
91.7
132.7
23.3
32.8
13.1
58.9
19.6
39.2
26.2
32.8
26.2
39.2
26.2
37.5
26.2
26.1
32.7
26.2
45.9
26.2
52.3
19.6
26.2
32.7
65.4
26.2
83.5
71.9
39.1
19.6
26.2
45.8
26.2
45.9
13.1
45.8
26.2
26.1
39.3
32.7
52.4
19.6
13.1
45.7
39.3
32.7
39.3
45.8
19.6
19.6
45.8
13.1
45.8
19.6
45.7
6.5
58.8
13.1
39.3
39.2
32.7
13.1
45.8
26.2
32.7
32.7
39.2
19.6
39.3
26.2
36.1
39.2
19.6
39.3
13.1
32.7
26.1
45.8
32.7
26.2
26.2
6.5
39.1
13.1
29.7
13.1
45.7
13.1
13.1
39.2
39.3
32.7
32.7
32.7
26.2
32.7
32.7
32.7
26.2
65.3
13.1
39.2
19.6
39.3
26.1
32.8
13.1
32.1
13.1
52.4
32.7
13.1
58.9
32.7
19.6
32.7
39.3
32.7
19.7
29.4
19.6
32.7
19.6
45.8
19.6
39.3
39.2
45.9
13.1
45.8
65.3
58.9
45.8
6.5
45.7
26.2
39.2
39.3
13.1
32.7
6.5
45.8
26.2
32.7
26.2
39.3
13.0
13.1
39.2
13.1
39.3
32.6
32.7
26.2
39.2
39.3
19.7
37.8
19.6
39.2
32.8
26.2
39.2
39.3
39.3
32.7
26.2
32.7
39.3
13.1
45.4
19.6
32.7
32.8
19.7
39.3
32.8
39.3
13.1
45.8
13.1
26.2
32.7
32.8
32.8
26.2
32.8
19.6
45.8
13.1
58.9
19.7
39.3
19.6
39.3
26.2
32.7
32.7
32.7
32.7
32.5
32.8
39.3
13.1
39.2
39.3
32.7
19.6
45.7
19.7
52.4
19.6
45.9
32.7
37.2
26.2
44.8
32.7
19.6
32.5
19.6
65.5
13.1
39.3
39.3
26.2
13.1
32.7
19.6
39.3
32.7
32.8
32.7
38.6
45.9
13.1
45.7
19.7
32.2
32.8
39.3
26.1
32.7
6.6
39.3
26.2
26.2
26.2
26.2
32.8
19.6
25.8
26.2
13.1
45.8
19.7
39.2
19.7
26.2
35.2
39.3
104.8
111.2
32.6
39.3
19.7
45.9
32.7
19.6
45.8
26.2
39.3
13.1
39.0
26.2
45.9
32.7
39.3
26.2
39.3
32.8
32.8
32.7
42.4
19.6
43.7
39.3
19.6
58.9
91.7
255.5
117.9
19.6
45.8
19.6
39.3
13.1
45.7
26.2
32.8
45.7
26.2
32.7
19.6
45.7
13.1
45.8
26.2
32.6
19.6
39.3
19.7
32.7
19.6
26.2
32.7
32.8
32.7
31.9
39.3
19.7
45.8
19.6
52.4
19.7
32.8
32.7
38.6
13.1
32.7
26.2
39.3
39.2
39.3
19.6
32.7
26.2
32.8
32.7
34.7
26.2
39.3
39.3
32.7
45.9
59.0
58.1
52.3
39.3
58.9
58.9
37.2
6.5
39.3
26.2
39.3
32.7
26.2
45.8
6.5
36.8
13.1
32.7
32.7
32.7
13.1
39.3
32.7
19.6
32.7
32.7
32.7
39.3
26.1
32.7
13.1
39.2
26.2
85.0
124.5
45.8
49.6
26.2
26.2
19.6
39.3
26.2
39.3
39.3
26.2
32.7
39.3
32.7
13.1
52.3
19.6
32.7
32.7
26.2
13.1
39.3
72.0
98.1
58.9
6.5
32.7
26.2
39.3
39.3
19.6
39.2
32.7
39.2
19.6
39.3
32.7
19.6
32.7
26.2
32.7
19.6
32.7
