52.4
13.1
13.0
13.0
13.0
13.1
13.0
19.6
13.1
13.1
13.0
13.1
13.0
13.1
13.0
13.1
13.0
13.1
19.5
13.1
13.1
13.1
13.1
13.1
13.0
13.1
13.0
13.1
6.5
19.6
13.1
13.0
13.1
13.1
13.1
6.5
13.1
13.1
6.5
13.1
13.1
13.1
19.5
6.6
13.0
13.1
13.0
13.1
6.5
13.1
13.1
6.5
32.7
6.6
6.6
13.1
6.5
13.1
13.1
13.1
6.5
26.2
13.1
6.5
13.0
13.1
13.1
12.8
13.0
6.5
19.6
6.5
13.1
6.5
13.1
91.6
6.5
19.6
6.6
26.0
6.5
13.0
6.5
13.1
13.1
6.5
6.5
13.1
13.1
32.8
6.5
13.1
13.1
24.2
6.5
6.5
13.1
13.1
13.0
26.2
13.1
13.1
6.5
6.5
32.7
6.5
13.1
6.5
32.8
19.6
13.1
13.1
13.1
19.7
13.1
6.5
31.0
13.1
13.1
13.1
6.6
13.1
6.6
6.5
13.1
13.1
19.7
13.1
19.6
6.5
13.1
19.7
13.1
13.1
6.5
32.8
13.0
19.6
32.5
13.1
13.1
19.6
13.1
6.5
26.2
13.1
32.8
13.1
13.1
13.1
13.1
13.1
13.1
26.2
13.0
13.0
32.7
6.5
19.6
19.7
19.6
13.1
6.5
26.2
6.6
19.7
13.1
13.1
26.2
13.1
26.2
6.5
39.0
6.6
13.0
26.2
6.6
19.7
6.6
13.1
26.2
13.1
26.2
6.5
26.2
13.1
6.5
19.6
6.5
26.2
6.5
26.2
19.5
6.6
26.0
13.1
24.9
13.1
13.1
19.7
19.7
19.7
26.2
6.5
13.0
32.7
6.5
19.6
19.6
13.1
6.5
19.6
13.1
13.1
6.5
26.2
13.1
6.5
6.5
32.8
6.6
26.2
13.1
19.6
13.1
13.1
19.6
6.5
19.7
13.1
6.5
45.8
26.2
6.5
39.3
32.7
6.6
19.7
13.1
13.1
13.0
19.6
6.5
39.0
13.1
19.6
13.1
39.3
26.1
6.6
19.6
6.5
19.7
6.6
26.2
6.5
19.7
13.1
32.8
6.5
32.5
26.0
6.6
19.5
26.2
26.2
13.1
26.2
13.1
6.4
13.1
13.1
13.1
13.1
6.6
26.2
13.0
13.1
13.0
19.6
13.1
6.5
32.8
13.1
26.2
13.1
19.3
13.1
6.6
26.2
13.1
19.6
19.2
13.1
12.5
13.1
13.1
13.1
19.6
6.5
13.0
26.2
30.9
26.2
6.6
13.1
6.6
26.2
6.5
37.9
6.5
32.7
36.7
6.6
19.6
13.1
39.2
6.5
19.6
6.5
45.8
45.8
30.1
19.6
26.2
26.2
13.1
13.1
19.6
19.1
32.8
18.2
26.2
6.5
19.5
45.8
44.1
6.5
31.7
6.6
32.7
39.2
26.1
6.5
39.2
6.5
25.9
32.7
32.6
6.5
45.9
32.8
30.6
19.6
32.7
13.1
6.6
51.7
26.2
6.5
19.5
19.6
26.0
19.6
32.8
6.5
39.3
6.5
26.2
45.8
6.5
32.8
6.5
19.6
19.6
26.2
32.7
25.6
6.6
26.0
26.2
45.3
39.2
26.2
45.8
6.5
26.2
26.2
13.1
39.2
13.1
32.5
6.6
13.0
13.1
19.6
32.7
19.6
26.2
13.1
13.1
32.7
26.2
6.5
37.6
6.5
12.2
6.5
39.3
45.8
6.6
32.5
6.5
29.4
26.2
26.2
26.2
6.5
19.6
45.8
39.2
13.1
26.2
13.1
13.1
26.2
32.5
13.1
6.6
32.7
6.6
38.9
6.6
26.2
6.5
19.6
19.7
19.7
19.6
26.2
19.6
19.7
19.6
19.5
32.7
13.1
32.8
19.7
26.2
13.1
26.2
19.6
19.6
26.2
26.2
13.1
13.1
19.6
26.2
39.3
19.7
13.1
19.7
18.4
19.7
13.1
32.8
32.7
6.5
19.6
19.5
19.6
26.2
13.1
26.2
19.7
26.2
19.7
26.2
19.6
19.6
36.0
6.6
26.0
6.6
32.7
37.3
6.6
32.8
32.8
13.1
13.1
26.2
19.7
19.7
19.3
13.1
19.5
26.2
16.9
26.2
19.5
13.1
19.6
19.6
26.2
19.7
19.7
13.1
26.2
26.2
19.6
26.2
19.6
26.2
6.6
19.6
6.6
45.8
6.5
42.9
32.8
39.3
32.1
6.5
32.7
39.3
13.1
39.3
32.5
26.2
19.7
26.2
19.6
13.1
13.1
19.6
19.6
26.2
19.7
13.1
19.7
5.8
39.2
32.7
32.5
6.5
32.7
19.6
19.5
26.2
19.6
19.6
19.7
26.2
26.2
32.3
26.2
39.3
6.6
45.8
6.5
32.5
39.2
6.5
39.3
32.7
39.2
32.8
13.1
26.2
26.2
13.1
19.5
19.6
26.2
19.5
26.2
13.0
32.7
18.9
39.3
32.7
32.7
32.7
13.1
19.6
19.7
45.8
52.4
39.3
45.8
38.9
13.0
6.6
32.8
12.4
13.1
13.1
26.2
26.2
26.2
19.7
32.8
13.1
13.1
26.2
19.6
26.2
19.5
13.1
19.7
32.8
13.0
19.6
55.6
13.1
19.7
26.2
26.2
19.6
6.6
19.6
6.5
13.1
6.6
52.3
6.5
32.6
6.5
32.0
32.6
32.5
32.8
32.7
6.6
19.7
26.2
6.5
26.2
26.0
19.7
26.0
19.7
13.0
19.6
26.0
13.1
13.1
19.7
13.1
13.1
6.6
19.7
19.6
19.6
26.2
26.1
6.6
32.7
6.5
32.5
38.3
52.4
6.5
32.6
6.5
26.2
6.6
48.1
6.6
26.2
32.5
32.4
19.6
13.0
19.6
32.8
13.1
19.7
32.8
19.6
26.2
19.6
6.5
32.8
19.6
48.0
26.2
26.0
13.1
19.5
32.8
19.6
6.5
26.2
6.6
42.8
32.8
19.6
26.2
26.2
13.1
13.1
13.1
19.6
26.0
17.4
32.7
6.6
39.3
6.5
38.4
6.6
26.2
45.8
6.5
41.3
26.2
6.5
39.1
6.5
19.5
19.6
32.3
6.5
32.7
45.8
6.5
13.1
19.6
13.1
26.2
13.1
19.7
6.6
12.2
13.1
26.2
6.6
52.4
32.7
39.2
39.3
13.1
32.8
39.3
12.9
26.2
19.7
13.1
25.5
26.2
13.1
32.7
39.3
6.6
19.7
26.2
6.5
30.4
6.5
45.8
6.5
32.8
6.5
50.8
36.6
6.5
26.0
6.6
36.6
6.6
39.3
6.6
26.2
6.6
18.3
13.1
19.6
6.5
19.6
6.6
19.6
6.5
45.8
32.7
6.6
45.8
13.1
32.7
19.6
13.1
19.6
26.2
19.6
26.2
26.2
19.4
13.1
19.6
26.2
6.6
26.2
6.6
13.0
19.6
19.7
26.2
26.2
26.2
6.6
26.2
19.6
24.5
19.6
6.5
26.2
13.1
26.2
6.5
45.6
32.7
6.6
39.2
6.5
45.4
39.3
6.6
32.7
45.7
6.6
19.7
19.6
32.8
45.8
25.9
6.5
25.6
6.5
32.5
6.5
26.2
19.6
13.1
19.6
26.2
13.1
32.8
19.7
13.1
19.7
13.0
26.2
13.1
26.2
13.1
19.7
13.1
26.2
6.5
32.7
6.6
26.2
13.1
23.1
39.2
39.3
39.1
6.5
32.5
6.5
32.5
49.5
32.7
19.7
26.2
13.1
19.7
26.2
26.2
26.2
32.3
6.5
19.7
32.8
6.6
32.7
13.1
39.2
6.5
19.6
13.1
32.7
6.5
39.2
13.1
25.3
26.2
13.1
19.6
13.1
19.6
13.1
13.1
13.1
13.1
26.2
19.6
26.2
13.1
13.0
