12.9
19.6
19.6
13.1
13.1
6.5
6.5
13.1
19.5
13.1
19.6
31.5
19.6
19.5
6.6
19.6
6.6
13.1
19.7
6.6
13.0
19.6
19.7
13.1
13.1
19.6
19.6
13.1
6.5
13.1
13.1
19.6
13.1
6.5
13.1
39.3
6.6
26.2
13.1
13.1
19.5
13.1
6.5
13.1
13.0
32.8
19.6
13.1
13.1
13.1
6.5
26.2
13.1
19.6
13.0
13.1
19.6
13.1
13.1
26.2
13.1
13.1
6.5
13.1
19.6
6.5
19.7
19.7
13.1
13.1
19.7
19.6
6.6
19.7
26.2
13.1
6.5
19.6
26.2
13.1
13.1
19.6
19.6
13.1
6.5
13.1
19.6
19.6
13.1
19.7
19.6
26.2
13.1
6.5
19.7
13.1
19.6
6.6
32.7
6.5
6.5
13.1
13.1
19.6
13.1
6.5
32.8
13.1
13.1
26.0
13.1
13.1
13.0
26.1
19.7
6.5
12.4
13.1
32.8
13.1
32.7
6.5
26.2
6.5
19.6
13.1
19.7
13.1
19.6
19.6
30.9
6.6
26.0
6.6
32.8
6.5
19.5
13.1
13.1
13.1
24.9
13.1
26.2
13.1
32.6
26.2
13.1
13.1
13.0
19.6
6.5
32.8
13.1
32.7
12.9
26.2
19.6
13.1
26.2
19.7
6.6
32.7
26.1
13.1
26.0
26.2
32.8
13.1
26.2
13.1
13.1
26.1
24.3
13.1
6.6
26.2
6.5
26.2
13.1
26.2
13.1
26.2
6.5
32.3
6.6
32.7
6.6
26.2
29.6
13.1
13.1
19.6
13.1
39.3
17.9
13.1
13.1
26.2
19.7
6.3
19.6
32.8
6.5
26.2
6.6
26.2
6.5
26.2
26.2
13.1
26.1
26.2
6.5
13.1
26.2
19.6
26.2
6.6
26.2
26.0
13.1
13.1
26.1
19.6
13.1
26.2
13.1
6.5
26.0
39.2
6.6
26.2
19.6
13.1
13.1
26.2
19.6
18.0
13.1
32.7
6.5
32.6
6.5
26.1
13.1
19.6
13.1
6.5
32.7
6.6
13.1
26.2
13.1
13.1
13.1
38.9
19.6
39.0
19.6
19.6
26.2
13.1
19.6
26.2
32.8
26.2
32.8
13.1
32.7
6.5
32.7
26.2
26.1
13.1
13.1
39.2
19.6
26.1
19.6
19.7
19.6
19.7
26.2
45.8
6.5
19.7
26.2
26.1
45.8
13.1
19.7
26.2
26.2
26.0
19.7
32.5
19.6
19.6
19.6
26.2
19.6
19.6
39.2
13.0
32.8
32.7
13.1
19.6
26.2
6.5
32.7
19.7
13.1
32.4
6.5
32.6
26.2
32.8
26.0
13.1
38.4
52.3
72.1
144.1
294.3
386.4
189.9
38.9
19.6
6.6
39.1
19.7
6.5
6.6
44.4
6.5
39.3
26.2
13.1
19.6
19.7
29.8
6.6
26.2
26.1
26.2
26.2
13.1
45.9
6.6
26.2
32.8
19.7
26.2
26.1
32.7
19.6
26.2
26.2
26.2
13.1
19.6
32.8
19.5
39.3
13.1
19.6
43.9
6.6
32.7
13.1
26.2
19.7
32.7
26.2
6.0
26.2
32.7
19.7
26.2
13.1
32.7
24.7
19.7
26.2
19.7
32.8
6.5
45.8
27.1
26.2
26.2
6.6
26.2
26.2
26.0
19.6
32.7
13.1
32.7
53.7
19.6
13.1
6.5
26.1
26.2
26.2
19.7
32.8
13.1
6.6
17.9
26.2
32.7
13.1
19.6
36.6
13.1
32.6
13.1
26.1
19.7
26.2
26.2
13.1
32.7
13.1
13.1
32.7
13.0
13.1
19.6
39.3
32.7
26.2
6.5
45.3
23.2
26.2
19.7
13.1
19.7
19.7
13.1
19.6
32.7
13.1
39.1
18.4
32.7
19.6
13.1
26.1
19.7
32.8
13.1
32.7
26.2
13.1
26.2
26.2
19.7
19.7
38.5
13.1
18.5
26.2
26.2
6.5
26.2
39.3
6.5
19.6
13.1
26.2
35.2
6.5
39.2
13.1
19.7
32.8
13.1
45.6
6.6
19.5
32.7
26.2
19.5
26.2
19.6
13.1
26.2
52.4
13.1
26.2
39.3
19.7
65.5
19.6
32.7
13.1
52.3
19.2
26.2
26.2
13.1
32.5
19.7
44.8
13.1
26.2
19.7
32.8
19.6
19.6
32.6
19.6
19.6
26.2
26.2
19.7
13.1
32.5
39.3
19.7
13.1
26.2
19.6
26.2
26.2
38.9
6.6
26.2
19.7
26.2
19.7
26.2
25.6
6.5
39.2
25.3
26.2
13.1
13.1
35.5
6.6
32.7
6.6
26.2
26.2
26.2
26.2
19.7
32.7
13.1
32.7
19.7
26.2
19.5
6.6
45.8
6.5
39.3
26.0
13.1
19.7
26.2
26.2
26.2
26.1
19.6
32.7
39.3
26.2
19.7
13.1
26.2
26.2
26.0
6.5
26.2
26.2
19.6
19.6
19.7
59.0
13.1
19.6
26.2
26.2
26.2
19.6
6.5
26.2
32.7
31.5
6.6
32.7
19.7
26.2
26.2
19.6
26.2
26.2
13.1
19.5
45.8
19.6
13.1
13.1
26.2
26.2
19.5
32.7
32.7
19.6
6.5
39.3
19.2
32.8
13.1
13.1
32.7
19.6
45.8
13.1
13.1
26.2
19.7
26.2
19.6
39.3
19.1
6.6
26.2
26.2
19.6
19.6
26.2
26.2
26.2
26.2
6.5
29.0
13.1
39.3
19.7
13.1
26.2
19.6
25.2
26.2
26.2
13.1
6.5
26.2
39.3
6.6
39.3
13.1
19.7
26.2
19.6
26.2
19.6
26.2
32.7
19.7
26.1
19.7
32.6
6.5
39.3
13.1
19.6
13.1
19.6
32.8
11.6
32.6
13.1
19.7
26.2
26.2
32.7
19.6
32.7
19.6
26.2
19.6
13.1
26.1
13.1
45.7
6.6
19.6
26.2
6.5
32.8
19.6
32.8
13.1
39.2
19.6
26.2
26.2
19.7
25.9
6.6
39.3
13.1
32.8
13.1
19.7
19.6
19.6
39.2
26.2
19.6
26.2
6.5
45.9
18.8
26.2
13.1
13.1
26.0
26.2
32.7
6.5
26.2
18.0
19.7
32.8
19.7
13.1
13.1
32.8
13.1
50.1
6.6
19.7
26.2
26.2
19.6
19.6
26.2
19.6
19.7
26.0
13.0
32.7
19.7
26.2
26.2
13.1
26.2
19.6
26.2
6.6
18.7
32.7
29.0
19.7
26.2
26.2
26.1
13.1
26.2
6.5
26.2
30.5
19.6
6.5
26.1
19.6
26.2
19.7
26.2
19.6
13.1
26.2
26.2
26.2
13.0
26.1
30.5
6.5
39.3
26.2
45.8
13.1
26.2
13.1
13.1
32.8
6.5
39.2
13.1
19.6
32.7
19.7
26.2
19.7
32.7
13.1
26.2
19.7
19.7
26.2
19.6
19.6
26.2
26.2
19.7
13.1
32.7
6.5
32.7
30.9
13.1
19.7
26.2
26.2
19.6
32.7
19.5
19.7
32.8
19.6
26.1
13.1
45.8
6.6
26.2
19.6
26.2
26.0
26.2
19.7
26.2
19.6
13.1
13.1
45.8
19.6
26.2
13.1
19.6
26.2
19.6
45.8
6.5
32.7
19.7
19.6
26.2
26.2
13.1
13.1
39.3
6.6
37.6
19.7
6.5
44.5
6.5
32.8
26.2
13.1
13.1
39.2
6.5
26.2
30.2
6.5
19.7
78.6
19.6
13.1
26.1
13.1
26.2
6.6
45.8
6.6
32.7
26.2
26.2
19.7
26.2
19.5
6.5
52.1
6.6
50.8
13.1
19.6
6.5
32.7
43.7
13.1
26.2
13.1
18.9
39.3
26.2
19.7
19.7
13.1
45.5
19.6
32.6
19.6
13.1
6.5
26.2
13.1
32.1
13.1
26.2
26.2
26.2
19.6
19.7
26.2
13.1
39.2
18.1
32.8
19.5
19.6
32.7
32.7
19.6
26.2
6.6
45.7
6.5
32.7
