32.8
13.1
6.5
26.1
19.6
19.6
19.7
6.5
19.6
19.7
13.1
13.1
19.6
19.6
19.6
13.1
13.0
19.6
26.1
13.1
13.1
26.2
13.1
13.1
19.6
19.6
13.1
13.1
19.6
13.1
13.1
19.7
13.1
13.1
13.1
19.6
19.6
19.6
6.5
13.1
26.2
13.1
26.2
13.1
19.6
39.2
13.1
13.1
32.7
19.7
19.7
13.1
52.3
13.1
26.2
26.2
13.1
19.6
13.1
19.6
26.1
19.6
13.1
32.7
6.5
19.7
26.2
13.1
13.1
19.6
26.2
13.1
23.8
13.1
13.1
26.2
13.1
13.1
19.6
32.7
19.6
26.2
19.6
26.2
19.6
13.1
19.6
6.5
32.7
19.6
13.1
39.3
19.7
19.6
19.6
19.6
32.7
13.1
26.2
25.9
13.1
19.6
13.1
19.6
26.2
32.7
6.6
19.6
38.7
13.1
13.1
26.2
26.2
13.1
13.1
26.1
19.6
13.1
26.1
39.3
13.1
39.2
13.1
19.6
39.3
13.1
32.8
13.1
13.1
19.6
45.8
36.1
13.1
19.6
32.8
13.1
32.8
13.1
39.3
13.1
26.2
13.1
26.2
26.2
32.8
26.2
26.2
19.7
45.8
13.1
26.2
13.1
32.8
13.1
13.1
45.8
32.7
13.1
39.3
19.7
39.3
13.1
26.2
13.1
32.7
26.2
29.6
13.1
26.2
19.6
19.6
13.1
32.7
19.7
26.2
26.2
29.8
13.1
32.8
13.1
19.6
6.5
26.2
13.1
26.2
19.7
13.1
19.6
13.1
45.8
32.8
19.6
19.6
26.2
26.2
13.1
13.1
26.2
13.1
32.8
19.6
32.6
13.1
19.7
19.6
19.6
19.7
19.6
32.7
24.5
13.1
26.2
6.5
44.9
13.1
39.3
13.1
32.7
13.1
19.6
26.2
32.0
13.1
19.6
26.1
39.2
13.1
32.7
6.6
13.1
52.3
6.5
32.7
13.1
13.1
26.2
13.1
32.8
19.6
26.2
26.1
26.2
19.6
13.1
19.6
19.7
19.6
32.7
13.1
32.7
13.1
32.7
13.1
26.0
13.1
13.1
19.6
13.1
32.7
13.1
39.2
19.6
19.6
26.2
32.7
26.2
13.1
52.3
6.5
39.3
19.6
19.6
32.7
26.2
39.3
19.6
45.7
13.1
26.2
26.2
26.2
32.8
19.6
13.1
19.6
39.2
19.6
32.7
26.2
32.7
30.1
32.7
13.1
52.3
13.1
32.7
26.1
26.2
32.8
19.6
39.3
31.9
26.2
32.8
19.6
32.7
26.2
26.2
26.2
32.7
39.2
13.1
32.8
13.1
32.8
32.7
32.7
19.6
39.3
39.3
26.2
26.2
19.6
38.8
13.1
58.8
13.1
26.2
13.1
45.8
6.6
38.7
24.7
13.1
32.8
19.6
32.7
19.6
32.2
19.7
32.7
25.8
26.2
26.2
19.6
19.6
19.6
32.7
26.1
52.3
6.5
39.2
19.6
32.8
26.2
26.2
19.6
19.7
39.3
19.6
38.0
19.6
13.1
26.2
32.7
26.2
26.2
32.8
19.7
32.7
26.2
32.7
27.4
13.1
26.2
32.8
32.8
26.2
32.7
13.0
39.2
6.6
26.1
32.7
13.1
39.2
13.1
32.6
26.2
19.6
45.1
6.5
39.3
25.3
13.1
19.6
19.6
32.7
19.6
26.1
13.1
39.3
6.5
52.3
39.3
32.7
19.7
26.2
32.7
26.2
32.8
26.2
35.9
29.9
19.6
32.8
52.3
13.1
26.1
19.2
13.1
39.3
13.1
32.7
26.2
26.2
32.7
26.1
31.6
13.1
26.1
32.7
26.2
39.3
32.8
19.7
26.2
26.2
32.7
13.1
45.8
19.7
26.1
32.7
13.1
26.2
32.7
32.7
39.3
26.2
13.1
26.2
32.7
32.8
19.6
39.2
29.4
26.2
65.5
19.6
45.9
19.6
19.6
32.7
13.1
32.7
19.6
39.2
30.7
19.6
26.2
32.7
13.1
19.6
39.3
6.5
39.2
13.1
39.3
39.3
26.2
32.8
32.7
24.6
13.1
45.8
23.4
26.2
13.1
19.6
32.7
19.6
45.7
13.1
19.6
32.7
26.2
26.2
26.2
32.7
13.1
13.1
32.8
26.2
19.6
13.1
32.7
19.6
32.7
32.7
32.7
19.6
45.8
6.5
45.7
19.6
13.1
26.2
26.2
26.2
26.2
32.7
13.1
45.7
19.6
19.6
25.6
19.7
13.1
26.2
26.2
32.7
39.3
19.7
32.7
32.7
26.2
19.6
26.2
13.1
26.2
32.7
19.6
52.4
26.2
32.7
29.9
26.2
32.7
26.2
19.7
19.6
45.8
19.7
32.8
19.6
26.2
32.7
26.2
39.3
19.6
26.2
19.6
32.7
6.5
39.2
19.6
32.7
13.1
45.7
26.1
26.2
32.8
13.1
52.3
26.2
26.2
26.2
13.1
32.8
19.7
32.7
25.9
19.6
19.6
32.7
26.2
26.2
19.6
19.7
32.7
32.0
39.3
6.5
45.8
13.1
19.6
26.2
32.7
26.2
19.7
26.1
26.0
13.1
6.5
58.9
13.1
26.2
26.2
26.2
32.1
19.6
19.6
26.1
13.1
26.0
32.7
19.6
19.6
52.3
45.9
26.0
19.6
45.8
39.3
6.5
32.8
13.1
45.8
19.6
19.6
32.7
19.7
26.2
19.6
39.3
6.6
45.8
19.7
32.7
32.8
32.8
32.7
13.1
52.3
19.6
32.7
19.6
45.8
13.1
39.3
26.2
13.1
26.2
32.8
13.1
26.2
32.8
32.7
81.6
26.2
19.7
19.6
32.7
32.7
19.6
26.1
38.8
13.1
45.8
32.7
26.2
19.6
26.2
39.2
32.7
26.2
19.6
19.6
32.7
26.2
39.2
6.6
32.7
26.2
32.7
26.2
26.2
39.3
32.7
19.6
32.7
19.6
32.8
13.1
38.9
13.1
26.2
19.6
32.7
13.1
45.7
43.6
32.7
19.6
26.2
32.8
18.6
45.8
35.8
13.1
26.2
32.8
39.3
25.9
51.8
13.1
19.6
32.8
26.2
32.8
19.6
40.9
6.6
45.8
32.7
32.7
32.7
26.2
39.2
19.6
26.2
32.7
52.4
39.3
52.4
117.9
176.5
248.7
163.7
140.0
157.2
98.2
19.6
32.7
19.6
26.2
19.6
45.8
28.7
19.7
13.1
19.6
39.3
19.6
32.8
26.2
6.5
45.8
13.1
52.3
19.6
19.6
26.2
32.7
32.1
26.2
13.1
32.7
39.3
6.5
39.3
19.7
19.6
39.3
26.1
26.2
26.0
32.6
32.5
26.2
26.2
26.1
39.3
19.7
58.9
85.0
58.9
19.6
6.5
26.2
32.7
32.7
19.6
26.2
39.3
13.1
32.8
13.0
45.8
6.5
45.9
13.1
26.2
39.3
19.7
45.8
19.6
26.2
32.7
39.2
78.1
26.2
19.7
26.2
26.2
19.7
32.7
32.7
26.2
6.5
45.7
26.2
32.8
13.1
26.2
32.7
19.6
24.9
26.2
19.6
13.1
52.3
26.2
32.7
32.8
13.0
19.6
13.1
45.8
19.6
13.1
39.3
19.6
32.8
26.2
32.7
32.8
32.7
19.0
26.2
19.6
26.2
19.6
19.7
45.8
12.8
26.2
26.2
26.2
39.3
6.5
32.7
32.7
26.2
32.7
6.0
45.8
13.1
19.6
26.2
19.6
32.7
19.4
39.2
13.1
32.7
19.7
32.7
13.1
26.1
51.4
13.1
39.3
13.1
26.2
32.8
19.6
32.7
13.1
39.3
26.2
32.7
26.1
19.6
39.2
26.2
26.2
32.7
32.7
39.3
19.6
32.7
26.2
32.7
26.1
32.7
19.6
52.3
6.5
26.2
26.1
39.3
6.5
39.3
26.2
32.7
26.2
13.1
45.2
6.5
39.2
26.2
19.7
32.7
19.6
32.7
19.6
45.8
19.6
26.2
26.2
26.2
39.2
13.1
32.7
19.6
26.2
19.7
39.3
19.7
19.7
45.8
28.5
32.8
6.5
26.2
32.8
13.1
52.3
13.1
26.1
19.6
32.7
26.2
32.8
32.7
13.1
48.5
32.7
19.6
39.3
