26.2
13.1
6.5
6.5
26.2
13.1
6.5
6.6
6.5
19.6
13.1
13.1
6.5
6.5
26.1
13.0
6.5
19.6
13.1
6.6
13.1
6.6
13.1
19.6
6.5
13.1
13.1
6.6
19.6
6.6
6.6
13.0
6.5
6.5
6.6
19.7
6.5
13.0
6.6
6.5
13.1
6.5
19.6
19.4
13.1
6.5
13.1
6.5
19.5
13.1
13.1
13.0
26.2
6.6
13.1
13.0
19.6
13.1
6.6
13.0
6.5
13.1
19.6
6.5
13.1
26.2
13.1
6.5
13.1
19.4
6.6
13.1
13.1
26.2
6.5
19.6
13.1
19.7
13.1
6.6
19.6
26.2
6.6
19.5
6.6
26.2
19.6
6.6
13.1
26.2
6.6
13.1
26.2
6.6
19.6
6.5
19.6
6.6
6.5
19.7
32.7
13.1
6.6
32.5
13.1
19.5
13.1
26.1
24.1
6.6
19.7
19.6
19.6
17.5
19.7
13.1
13.1
19.6
6.5
13.1
19.5
19.6
39.3
13.1
13.1
32.8
13.1
19.5
6.6
26.2
13.1
6.6
32.7
25.7
13.1
13.1
13.1
26.2
19.7
13.1
6.5
13.1
26.2
19.6
6.6
26.0
6.6
32.7
13.1
13.1
19.7
19.6
19.6
18.9
6.6
26.2
13.1
19.5
13.1
26.2
6.5
13.1
19.6
6.6
13.1
32.6
13.1
19.6
6.5
32.7
13.1
19.7
6.5
13.1
32.8
13.1
13.1
19.6
13.1
6.5
26.2
6.6
19.6
13.0
19.4
6.6
32.6
39.3
6.6
26.2
6.5
26.2
13.0
28.9
6.6
26.0
13.1
26.1
13.1
13.1
19.6
26.2
6.6
19.7
13.1
6.5
39.3
6.5
13.1
6.5
19.6
26.2
13.1
26.1
6.5
39.2
13.1
32.7
6.6
13.1
26.2
6.5
26.2
6.5
39.3
6.5
13.1
24.6
13.1
19.7
26.1
6.6
32.5
19.7
13.1
13.0
13.1
26.2
25.8
19.2
13.1
19.6
13.1
32.5
6.6
19.6
13.0
26.2
26.2
39.3
13.1
18.6
19.7
54.2
6.6
19.7
26.2
13.1
32.7
6.6
38.8
19.3
26.2
6.6
19.7
26.0
13.0
45.8
19.6
26.2
19.7
26.2
19.7
13.1
13.1
6.6
26.2
26.2
6.6
19.6
32.5
45.8
6.6
26.2
13.1
26.2
19.5
26.2
19.6
13.1
19.7
26.2
19.7
26.2
6.5
32.8
19.6
19.6
26.2
26.2
26.2
19.6
19.7
26.2
19.6
12.9
32.6
28.5
19.6
32.8
6.5
32.5
19.6
26.0
19.7
26.2
25.5
19.6
13.1
19.7
26.0
19.7
19.5
19.6
39.3
39.3
13.1
13.1
26.0
19.6
39.3
19.6
26.2
19.6
45.8
6.6
26.2
19.6
19.6
26.0
19.6
32.5
6.6
38.9
19.6
26.2
6.6
19.6
26.2
13.1
48.6
6.6
26.2
26.2
26.2
6.5
87.9
26.2
19.5
26.2
19.7
26.2
19.5
6.5
32.7
32.8
19.7
26.0
13.1
39.3
13.1
26.2
26.2
6.6
26.2
13.1
32.8
19.6
26.2
6.5
32.4
32.7
19.7
13.1
6.6
19.6
26.0
6.6
45.8
6.5
26.2
19.6
19.7
26.1
26.2
24.2
39.3
23.9
19.7
6.5
26.2
13.1
5.9
39.3
13.1
19.7
26.2
13.1
32.5
13.1
32.5
19.6
45.9
19.6
26.2
26.2
6.5
26.2
26.2
26.2
19.6
32.7
52.4
39.3
26.2
6.5
26.0
26.2
19.5
6.5
32.7
6.6
19.6
13.1
32.8
26.2
26.2
19.6
17.8
19.6
32.5
13.1
32.7
17.6
26.2
13.1
26.2
19.5
38.6
30.7
19.6
6.6
26.2
39.3
24.4
26.2
13.1
6.6
19.5
19.7
32.5
6.5
26.2
19.7
26.2
25.5
19.7
13.1
13.1
32.6
19.6
38.8
26.2
13.1
19.6
19.7
26.2
13.1
26.0
13.1
32.7
13.1
32.7
26.2
13.1
13.0
19.6
39.3
17.5
13.1
19.7
19.7
26.1
19.7
32.7
6.6
32.8
19.3
13.1
19.5
26.2
13.0
26.2
13.1
32.8
19.7
13.0
19.7
32.5
13.1
39.0
6.6
19.6
13.1
26.2
38.7
13.1
19.7
26.0
13.1
38.9
13.1
26.1
13.1
19.7
26.0
19.7
6.5
19.6
19.6
26.2
26.0
26.2
32.5
30.6
19.6
6.5
39.3
19.7
13.1
26.0
12.8
32.7
13.1
19.1
26.2
19.7
19.6
19.6
19.6
6.5
39.3
13.1
26.2
19.7
13.1
26.2
39.3
13.1
13.0
32.8
13.1
39.3
13.1
45.7
6.6
26.2
39.0
22.2
19.6
13.1
19.6
26.0
19.6
38.6
6.6
19.6
25.9
19.4
19.6
19.7
13.1
19.6
32.7
13.0
45.8
6.6
19.7
26.2
19.7
26.0
26.2
26.0
13.1
32.7
25.9
13.1
26.2
6.6
39.3
6.5
39.3
19.7
6.5
39.3
6.6
39.3
19.7
19.6
13.1
26.2
19.5
19.6
26.2
26.2
13.1
26.2
13.1
26.2
6.6
38.6
50.8
32.7
13.1
19.7
13.0
19.7
45.8
6.6
19.7
26.2
13.1
32.8
19.6
6.6
26.2
26.2
6.6
45.8
6.6
19.6
26.1
6.6
39.3
19.7
26.2
18.2
26.2
19.7
19.7
26.0
13.1
32.5
39.3
19.7
13.1
32.5
6.6
39.3
24.9
13.1
19.5
19.7
26.0
19.7
26.2
19.5
19.7
19.7
26.2
19.6
13.1
41.8
39.2
23.9
13.1
19.6
26.2
26.1
19.6
32.7
6.5
32.7
6.6
38.9
6.6
32.7
6.5
19.6
26.1
13.1
43.4
6.6
26.2
38.3
18.6
26.2
6.5
13.1
39.2
23.3
26.2
6.6
26.2
13.0
19.4
39.3
6.6
19.6
19.6
26.2
19.7
26.2
19.6
13.1
13.1
19.6
38.4
6.6
32.7
13.1
39.3
26.2
13.1
26.0
13.1
32.7
6.5
39.1
19.2
19.7
26.2
19.6
26.2
6.6
32.5
13.1
26.1
6.5
37.5
26.2
19.7
26.2
25.3
26.2
13.1
13.1
26.0
19.7
13.1
19.6
6.6
19.7
32.7
6.3
39.2
6.5
26.2
19.7
19.6
26.0
19.6
26.0
6.6
32.8
26.2
19.6
13.1
26.2
19.5
19.6
19.5
6.6
39.2
6.6
19.6
19.7
26.2
19.6
6.6
26.2
13.1
26.2
19.6
26.2
13.1
32.7
19.6
19.6
26.1
13.1
26.2
19.6
32.3
6.5
26.2
19.7
26.2
26.2
19.6
26.2
26.2
26.2
85.2
39.3
6.6
19.4
26.2
19.6
26.2
19.6
32.8
6.6
32.7
26.2
13.1
13.1
19.7
39.2
19.7
19.6
13.1
26.2
13.0
26.2
26.0
13.1
32.7
19.7
26.2
19.6
19.7
26.0
6.5
38.3
50.5
26.2
26.2
13.1
26.1
19.7
13.0
13.1
39.3
13.1
19.6
32.8
13.1
19.6
19.6
45.8
32.7
19.6
19.7
39.1
12.9
13.1
26.0
13.1
45.8
39.3
6.6
26.2
19.5
19.7
6.5
26.2
32.5
32.8
19.6
19.5
13.1
32.7
19.6
13.1
26.2
19.7
13.0
19.6
39.3
6.5
39.3
26.2
19.6
19.7
19.7
19.7
26.2
17.7
19.7
26.2
26.2
19.5
13.1
19.5
19.7
42.6
26.2
19.7
19.7
26.0
13.1
32.5
13.1
6.5
19.6
32.7
26.2
26.2
6.5
32.7
19.6
19.4
26.2
6.6
32.5
37.8
26.2
32.8
6.6
19.6
39.3
19.7
26.2
13.0
13.1
45.8
6.6
19.6
6.6
19.7
26.1
12.2
39.3
19.7
13.1
26.2
19.7
19.6
19.7
6.5
13.1
45.8
32.8
6.6
11.1
39.0
13.1
26.2
19.7
6.6
39.1
6.6
39.3
24.3
6.6
