26.2
6.5
13.0
13.1
13.0
13.1
6.5
6.5
13.0
19.5
6.6
13.0
6.5
19.6
19.6
6.6
26.2
6.6
26.2
19.6
19.6
6.5
19.5
6.5
19.5
6.6
13.0
6.6
19.6
19.6
6.5
19.6
6.6
13.1
6.5
19.5
6.5
13.0
19.5
13.1
6.5
13.0
13.1
26.0
6.6
13.1
13.1
6.6
13.1
13.1
6.5
13.0
13.1
13.0
19.6
13.1
6.5
13.1
13.1
6.5
26.2
6.6
19.6
13.1
13.1
6.6
32.8
6.6
6.6
19.6
26.1
6.5
13.1
6.5
19.6
32.4
13.0
6.6
32.8
13.1
6.5
13.1
6.6
32.7
6.5
13.1
13.0
6.5
25.9
6.5
13.1
13.1
19.6
6.5
13.1
13.1
6.5
32.0
6.6
13.1
13.1
6.5
13.1
6.6
6.6
13.1
26.2
6.5
6.5
13.1
6.5
19.6
6.5
6.6
13.1
13.1
26.2
6.5
13.1
6.5
26.2
6.5
19.6
6.6
19.6
13.1
26.2
13.1
19.5
13.1
26.0
13.1
13.1
13.1
6.5
19.6
6.6
19.6
6.5
13.1
19.7
6.6
25.2
6.6
26.0
13.1
6.5
26.2
13.0
13.1
13.0
6.6
26.1
6.5
19.6
6.5
19.6
13.1
6.5
13.1
13.0
19.6
13.0
6.5
26.0
13.1
13.0
6.5
26.1
6.5
13.0
19.6
6.5
26.2
13.1
19.6
13.0
13.1
19.5
13.1
19.5
6.5
32.8
19.6
6.5
19.6
6.5
6.5
18.8
13.1
13.1
13.1
6.6
19.6
6.5
26.2
13.1
19.6
6.6
13.1
19.5
13.1
19.5
13.1
26.0
6.6
13.0
19.6
13.0
26.2
6.5
13.1
13.0
6.5
19.6
6.5
19.7
6.5
13.1
19.6
13.0
6.1
13.0
6.6
32.4
6.5
19.6
6.5
32.7
19.6
6.5
32.7
6.5
26.0
19.6
6.6
26.2
26.2
32.5
32.7
6.5
26.2
6.5
6.5
19.5
26.2
13.0
19.6
13.1
6.5
26.2
13.1
19.7
13.1
13.1
19.6
6.5
13.1
13.1
13.1
19.6
6.5
13.1
17.6
13.1
26.0
13.1
13.0
19.6
6.5
26.2
13.1
19.6
6.5
30.3
13.1
19.7
6.6
13.1
26.2
13.1
13.1
6.6
26.2
6.6
39.0
6.5
32.7
6.5
19.4
19.5
13.0
6.5
39.2
45.7
32.7
6.5
26.2
39.3
13.1
13.0
19.6
26.0
13.1
23.9
19.7
6.5
13.1
6.5
39.2
39.3
32.7
6.5
32.7
6.6
39.2
26.2
6.5
39.3
39.0
32.5
6.6
19.6
6.6
26.2
19.7
26.2
13.1
19.5
19.6
13.0
26.0
19.6
6.5
32.1
19.6
19.6
13.1
6.5
26.2
6.6
19.6
6.6
39.2
32.7
18.9
19.7
19.6
26.2
6.5
13.1
19.4
32.7
38.3
6.6
32.5
6.6
39.3
45.8
19.6
26.2
13.1
19.6
26.2
19.6
24.3
19.6
6.5
19.6
13.0
26.2
19.5
19.6
13.0
13.1
32.8
6.6
32.8
19.6
6.5
26.2
12.9
26.2
6.6
26.2
13.1
13.1
26.2
19.6
19.7
26.2
13.1
13.1
13.1
19.6
19.6
25.9
13.1
6.6
32.8
85.0
26.2
19.6
13.1
26.1
19.7
6.6
26.2
6.5
19.5
6.4
32.7
6.5
32.3
6.5
19.5
13.1
26.0
19.6
19.5
26.2
19.5
13.1
26.1
32.5
13.1
32.8
19.5
6.6
13.1
26.2
26.2
19.5
19.7
19.5
39.0
26.0
13.1
13.0
13.1
32.7
45.8
13.1
19.6
13.1
19.7
6.5
32.7
45.8
32.5
46.8
38.6
6.6
26.1
13.1
26.2
26.2
26.2
24.0
13.1
13.1
26.2
18.4
26.2
6.5
32.7
32.7
26.0
19.6
19.6
6.5
26.1
19.6
13.1
13.1
13.1
6.5
19.6
19.6
26.2
13.1
19.5
6.5
32.5
13.1
26.2
19.6
26.2
19.6
13.0
26.2
12.8
26.2
12.1
26.2
6.6
19.7
6.6
45.8
32.7
6.5
19.5
45.2
39.1
32.6
39.2
39.3
19.6
13.1
13.1
6.6
32.8
6.6
26.2
45.8
39.3
26.2
19.5
13.1
32.5
6.6
6.6
39.2
6.6
26.2
6.6
32.7
38.2
6.1
39.3
13.1
19.5
19.7
26.0
19.7
19.4
6.6
32.5
13.1
13.0
19.6
26.2
6.5
19.7
19.6
19.5
26.2
26.1
26.2
6.5
19.6
26.2
19.6
25.0
19.6
13.1
26.2
6.6
26.1
32.4
6.6
32.7
39.3
6.6
26.0
19.5
6.6
26.2
6.6
12.9
19.6
13.0
13.1
26.0
19.4
26.0
13.1
6.6
19.7
19.7
19.6
19.6
19.6
13.1
13.1
26.0
13.1
32.1
13.1
24.9
13.1
19.7
19.7
13.1
19.7
6.6
11.9
6.5
32.7
39.2
32.5
6.5
32.5
37.9
26.1
39.0
32.8
26.0
6.6
32.3
25.9
6.5
26.0
13.1
32.7
45.8
6.1
19.7
19.6
6.5
26.2
19.5
19.7
19.5
19.6
6.5
19.6
6.6
19.6
32.7
19.6
6.5
19.6
26.0
19.6
19.6
19.6
6.5
26.2
19.6
19.6
19.6
26.2
19.5
19.7
19.5
26.2
19.5
19.6
26.0
13.1
19.5
26.2
13.1
26.2
19.5
6.5
30.7
19.6
6.6
39.3
39.3
32.5
6.5
32.7
26.0
6.5
19.5
26.2
26.1
26.2
19.6
6.5
39.0
6.6
32.7
44.0
25.9
32.6
26.0
26.1
13.0
13.1
25.5
19.0
6.5
32.7
6.5
26.0
32.5
26.2
19.5
19.6
13.0
19.6
12.7
26.2
24.5
19.6
6.5
19.6
26.2
19.7
6.6
19.6
6.5
13.1
12.7
19.6
13.1
24.0
19.6
13.1
13.0
19.6
19.5
26.2
19.6
13.1
26.1
19.6
19.5
26.2
13.1
13.1
25.7
19.7
6.6
39.3
39.3
39.2
6.6
19.5
19.6
13.0
13.1
19.5
26.2
19.5
26.2
6.5
18.6
6.6
26.2
39.2
45.8
6.6
26.2
45.4
6.5
32.8
6.5
6.5
26.2
19.5
26.2
19.7
13.1
19.6
13.1
26.0
19.6
26.0
26.2
13.1
13.1
26.0
19.7
13.1
19.6
6.5
13.0
26.0
26.2
19.6
26.2
26.2
6.6
19.6
32.7
13.1
19.7
19.6
13.1
12.2
26.2
13.1
12.2
26.2
32.7
52.4
32.7
6.6
39.2
26.0
6.5
32.4
6.5
26.0
6.6
26.0
19.5
19.7
13.0
19.6
26.0
13.1
26.1
13.1
13.1
19.7
13.1
19.6
39.2
6.5
26.2
6.6
32.7
39.2
6.5
26.1
29.6
38.6
6.5
19.5
26.1
13.1
13.0
19.6
13.0
13.1
26.0
19.6
19.6
19.6
26.2
13.0
19.5
19.6
19.5
26.2
6.6
19.7
6.5
26.2
19.5
19.6
25.9
6.5
19.6
26.2
6.5
26.0
6.5
13.0
13.1
19.5
26.1
19.5
26.2
13.0
19.7
26.0
6.5
26.0
26.1
19.5
26.2
6.5
19.6
13.1
19.7
26.0
26.2
6.5
19.6
26.2
13.1
6.6
26.2
6.5
26.2
6.5
25.7
43.2
32.5
32.5
32.6
6.6
19.6
6.6
38.5
45.8
36.8
25.9
19.7
19.5
26.2
